		| Y = 0 | Y = 1
Hipertenso = 0 | 0.8906976744186046 | 0.10930232558139535
Hipertenso = 1 | 0.7519247219846023 | 0.24807527801539778