		| Y = 0 | Y = 1
Sexo = 0 | 0.8783653846153846 | 0.12163461538461538
Sexo = 1 | 0.8088675853804673 | 0.19113241461953265